Category  Max_Avg_Precision  Img_No  Min_Avg_Precision  Img_No
1  0.47344  146  0.063021  955
2  0.56270  243  0.06812   697
3  0.54236  313  0.072718  757
4  0.52463  412  0.061042  507
5  0.37155  495  0.058582  301
6  0.26124  592  0.072198  468
7  0.36683  662  0.055865  879
8  0.64255  780  0.060606  473
9  0.49333  884  0.06553   696
10 0.75271  967  0.065695  899

Elapsed time is 438.911813 seconds.


LOG
Category  Max_Avg_Precision  Img_No  Min_Avg_Precision  Img_No
1  0.21980  121  0.080273  981
2  0.30961  237  0.071431  699
3  0.40242  334  0.066552  675
4  0.43094  409  0.063706  771
5  0.30563  497  0.077129  310
6  0.31354  624  0.068199  973
7  0.39399  663  0.058725  321
8  0.33801  781  0.065272  416
9  0.22714  827  0.088943  381
10 0.44069  953  0.073297  884
Elapsed time is 444.136677 seconds.

Gaussian
Category  Max_Avg_Precision  Img_No  Min_Avg_Precision  Img_No
1  0.46269  146  0.063306  951
2  0.5637  272  0.06903  691
3  0.54198  313  0.073229  757
4  0.52369  412  0.061145  507
5  0.36711  495  0.058796  301
6  0.25509  592  0.072183  468
7  0.39164  684  0.056042  879
8  0.61464  780  0.060488  473
9  0.46981  884  0.065181  402
10  0.75342  967  0.065587  899
Elapsed time is 457.421439 seconds.

For Filter: laplacian
Category  Max_Avg_Precision  Img_No  Min_Avg_Precision  Img_No
1  0.20685  121  0.081211  981
2  0.28408  237  0.069956  688
3  0.36086  334  0.064423  675
4  0.42959  416  0.06795  245
5  0.306  478  0.078715  310
6  0.29853  636  0.067205  324
7  0.42419  667  0.058311  841
8  0.28421  799  0.06851  416
9  0.22134  877  0.091211  460
10  0.38847  953  0.074207  199

For Filter: motion
Category  Max_Avg_Precision  Img_No  Min_Avg_Precision  Img_No
1  0.45317  146  0.062809  969
2  0.52725  239  0.070644  764
3  0.55171  313  0.075036  757
4  0.5275  412  0.06356  567
5  0.35667  433  0.059355  645
6  0.23991  630  0.070198  836
7  0.41191  684  0.055899  879
8  0.59666  745  0.059612  332
9  0.46633  884  0.067631  744
10  0.73496  967  0.064399  591

For Filter: unsharp
Category  Max_Avg_Precision  Img_No  Min_Avg_Precision  Img_No
1  0.50269  146  0.062269  955
2  0.5636  243  0.064724  697
3  0.55344  388  0.071728  757
4  0.53697  410  0.0607  186
5  0.37412  459  0.058577  344
6  0.25389  595  0.071989  804
7  0.39908  640  0.055325  879
8  0.65719  768  0.061655  473
9  0.50372  884  0.065249  696
10  0.71862  967  0.067021  850

For Filter: prewit
Category  Max_Avg_Precision  Img_No  Min_Avg_Precision  Img_No
1  0.24742  861  0.08486  955
2  0.3685  216  0.065886  105
3  0.49228  333  0.072731  820
4  0.36801  416  0.059942  735
5  0.29881  498  0.072926  327
6  0.29278  602  0.070054  326
7  0.34611  657  0.058371  819
8  0.52288  799  0.063318  433
9  0.22675  837  0.078553  377
10  0.60448  937  0.059659  827

For Filter: sobel
Category  Max_Avg_Precision  Img_No  Min_Avg_Precision  Img_No
1  0.26261  123  0.083059  930
2  0.36373  275  0.065231  105
3  0.50344  346  0.074476  850
4  0.39221  419  0.059385  735
5  0.29831  494  0.068799  303
6  0.2793  602  0.071062  326
7  0.36433  643  0.058789  819
8  0.52507  766  0.06144  433
9  0.23574  236  0.079187  377
10  0.60173  937  0.059739  827
Elapsed time is 2330.065509 seconds.


>> sifttest
For Filter: SIFT
Category   Img_No  Avg_Precision
1 0.jpg 1
1 100.jpg 0.30013
1 200.jpg 1
1 300.jpg 0.22911
1 400.jpg 0.33637
1 500.jpg 0.30051
1 600.jpg 1
1 700.jpg 0.24374
1 800.jpg 0.35653
1 900.jpg 0.27629
2 0.jpg 0.30935
2 100.jpg 0.18022
2 200.jpg 0.30935
2 300.jpg 0.15495
2 400.jpg 0.19084
2 500.jpg 0.19302
2 600.jpg 0.30935
2 700.jpg 0.16411
2 800.jpg 0.21584
2 900.jpg 0.16436
3 0.jpg 0.19073
3 100.jpg 0.13877
3 200.jpg 0.19073
3 300.jpg 0.14284
3 400.jpg 0.1359
3 500.jpg 0.13212
3 600.jpg 0.19073
3 700.jpg 0.13745
3 800.jpg 0.14671
3 900.jpg 0.12457
4 0.jpg 0.1382
4 100.jpg 0.11114
4 200.jpg 0.1382
4 300.jpg 0.10126
4 400.jpg 0.13377
4 500.jpg 0.10693
4 600.jpg 0.1382
4 700.jpg 0.10491
4 800.jpg 0.1193
4 900.jpg 0.10554
5 0.jpg 0.10843
5 100.jpg 0.1134
5 200.jpg 0.10843
5 300.jpg 0.10904
5 400.jpg 0.12771
5 500.jpg 0.11404
5 600.jpg 0.10843
5 700.jpg 0.10489
5 800.jpg 0.12744
5 900.jpg 0.11376
6 0.jpg 0.089225
6 100.jpg 0.095448
6 200.jpg 0.089225
6 300.jpg 0.098406
6 400.jpg 0.09748
6 500.jpg 0.097618
6 600.jpg 0.089225
6 700.jpg 0.096741
6 800.jpg 0.095692
6 900.jpg 0.099014
7 0.jpg 0.07581
7 100.jpg 0.075112
7 200.jpg 0.07581
7 300.jpg 0.074013
7 400.jpg 0.073889
7 500.jpg 0.075555
7 600.jpg 0.07581
7 700.jpg 0.073457
7 800.jpg 0.073761
7 900.jpg 0.076546
8 0.jpg 0.065905
8 100.jpg 0.08298
8 200.jpg 0.065905
8 300.jpg 0.090885
8 400.jpg 0.074589
8 500.jpg 0.086208
8 600.jpg 0.065905
8 700.jpg 0.091701
8 800.jpg 0.073081
8 900.jpg 0.091539
9 0.jpg 0.058291
9 100.jpg 0.068544
9 200.jpg 0.058291
9 300.jpg 0.07167
9 400.jpg 0.063669
9 500.jpg 0.06638
9 600.jpg 0.058291
9 700.jpg 0.070725
9 800.jpg 0.061875
9 900.jpg 0.07299
10 0.jpg 0.052255
10 100.jpg 0.075219
10 200.jpg 0.052255
10 300.jpg 0.10116
10 400.jpg 0.068918
10 500.jpg 0.075377
10 600.jpg 0.052255
10 700.jpg 0.097774
10 800.jpg 0.071402
10 900.jpg 0.080482
Elapsed time is 3337.694297 seconds.

For Filter: rgb
Category  Max_Avg_Precision  Rank  image No     Min avg Prec   Img No
1  0.47344  195  146  0.063021  955
2  0.5627  171.56  243  0.06812  697
3  0.54236  181.27  313  0.072718  757
4  0.52463  188.8  412  0.061042  507
5  0.37155  202.95  495  0.058582  301
6  0.26124  474.37  592  0.072198  468
7  0.36683  273.46  662  0.055865  879
8  0.64255  202.74  780  0.060606  473
9  0.49333  206.87  884  0.06553  696
10  0.75271  104.32  967  0.065695  899
For Filter: log
Category  Max_Avg_Precision  Rank  image No     Min avg Prec   Img No
1  0.2198  336.46  121  0.080273  981
2  0.30961  318.63  237  0.071431  699
3  0.40242  233.48  334  0.066552  675
4  0.43094  292.46  409  0.063706  771
5  0.30563  399.59  497  0.077129  310
6  0.31354  367.14  624  0.068199  973
7  0.39399  291.09  663  0.058725  321
8  0.33801  263.52  781  0.065272  416
9  0.22714  357.48  827  0.088943  381
10  0.44069  228.22  953  0.073297  884
For Filter: gaussian
Category  Max_Avg_Precision  Rank  image No     Min avg Prec   Img No
1  0.46269  196.95  146  0.063306  951
2  0.5637  167.5  272  0.06903  691
3  0.54198  180.94  313  0.073229  757
4  0.52369  190.51  412  0.061145  507
5  0.36711  209.83  495  0.058796  301
6  0.25509  478.62  592  0.072183  468
7  0.39164  259.79  684  0.056042  879
8  0.61464  207.54  780  0.060488  473
9  0.46981  210.63  884  0.065181  402
10  0.75342  103.35  967  0.065587  899
For Filter: laplacian
Category  Max_Avg_Precision  Rank  image No     Min avg Prec   Img No
1  0.20685  362.16  121  0.081211  981
2  0.28408  323.93  237  0.069956  688
3  0.36086  253.34  334  0.064423  675
4  0.42959  295.8  416  0.06795  245
5  0.306  387.77  478  0.078715  310
6  0.29853  349.41  636  0.067205  324
7  0.42419  271.47  667  0.058311  841
8  0.28421  310.34  799  0.06851  416
9  0.22134  416.9  877  0.091211  460
10  0.38847  275.4  953  0.074207  199
For Filter: motion
Category  Max_Avg_Precision  Rank  image No     Min avg Prec   Img No
1  0.45317  205.77  146  0.062809  969
2  0.52725  177.3  239  0.070644  764
3  0.55171  162.6  313  0.075036  757
4  0.5275  196.5  412  0.06356  567
5  0.35667  222.93  433  0.059355  645
6  0.23991  400.94  630  0.070198  836
7  0.41191  240.02  684  0.055899  879
8  0.59666  210.89  745  0.059612  332
9  0.46633  205.59  884  0.067631  744
10  0.73496  105.87  967  0.064399  591
For Filter: unsharp
Category  Max_Avg_Precision  Rank  image No     Min avg Prec   Img No
1  0.50269  194.64  146  0.062269  955
2  0.5636  184.79  243  0.064724  697
3  0.55344  149.91  388  0.071728  757
4  0.53697  159.07  410  0.0607  186
5  0.37412  206.43  459  0.058577  344
6  0.25389  488.27  595  0.071989  804
7  0.39908  223.97  640  0.055325  879
8  0.65719  196.06  768  0.061655  473
9  0.50372  198.55  884  0.065249  696
10  0.71862  108.14  967  0.067021  850
For Filter: prewit
Category  Max_Avg_Precision  Rank  image No     Min avg Prec   Img No
1  0.24742  313.68  861  0.08486  955
2  0.3685  244.17  216  0.065886  105
3  0.49228  205.89  333  0.072731  820
4  0.36801  292.06  416  0.059942  735
5  0.29881  417.17  498  0.072926  327
6  0.29278  414  602  0.070054  326
7  0.34611  314.58  657  0.058371  819
8  0.52288  208.73  799  0.063318  433
9  0.22675  311.95  837  0.078553  377
10  0.60448  165.93  937  0.059659  827
For Filter: sobel
Category  Max_Avg_Precision  Rank  image No     Min avg Prec   Img No
1  0.26261  300.27  123  0.083059  930
2  0.36373  240.03  275  0.065231  105
3  0.50344  215.92  346  0.074476  850
4  0.39221  289.26  419  0.059385  735
5  0.29831  431.82  494  0.068799  303
6  0.2793  422.17  602  0.071062  326
7  0.36433  315.67  643  0.058789  819
8  0.52507  212.38  766  0.06144  433
9  0.23574  291.65  236  0.079187  377
10  0.60173  165.98  937  0.059739  827
Elapsed time is 8004.538875 seconds.